E9 36 87 44 B3 7C 58 44 04 92 46 44 47 40 29 44 98 0A 22 44 2C A1 14 44 17 10 06 44 F7 B3 EF 43
26 EE F0 43 08 00 16 43 C8 F9 83 43 2A C9 75 43 7A 6D 4C 43 52 24 3C 43 47 88 17 43 17 25 46 43
81 73 27 43 7E 17 EF 42 00 0D 37 43 D8 24 1C 43 78 29 31 43 93 6C 10 43 0B F7 0A 43 74 16 3A 43
21 5D FF 42 27 01 0D 43 55 7C C3 42 07 BC 09 42 00 4E 6D 43 9B 2D 64 43 F3 49 4D 43 A0 BC 80 43
0F 9D 37 43 CD DD 33 43 41 D2 34 43 63 95 3D 43 1F 52 64 42 C9 06 20 43 48 D8 C8 42 7B BB 06 43
12 2B DE 42 67 2C 22 43 5E 95 0B 43 8A 43 C1 42 27 62 F2 42 A7 90 B6 42 44 3E 85 42 20 23 8C 42
17 BF 82 42 14 CC B2 42 39 EE 64 42 75 0C 85 42 FA FA A3 42 85 E8 2E 42 4E FD CF 42 DA F2 01 43
E7 2D 18 43 51 3A 1A 43 C3 D2 13 43 76 0B 06 43 03 87 CC 42 59 9F FB 42 C9 ED 09 43 D3 F5 E5 41
5C 45 E7 42 AC 28 06 43 04 48 C3 42 DC 39 9B 42 14 EE DB 42 A1 C7 06 43 11 47 E8 42 40 83 CD 42
7F 7C A0 42 3E 1B A5 42 0A D2 9B 42 3A 88 5F 42 39 18 42 42 D7 D9 93 42 19 1D 99 42 27 6A 8B 42
C8 89 56 42 49 19 AF 42 EB AB C0 42 CC C9 B0 42 84 DF 94 42 4D A2 04 43 79 92 E5 42 7E D2 EE 42
3F 6C EB 42 F4 1F 0F 43 E5 E4 E5 42 1B D9 C7 41 F7 53 AD 42 E0 F4 AA 42 18 9B D3 42 87 15 DB 42
50 1A D9 42 D0 3F 47 42 BC A5 C4 42 65 E0 B6 42 9D 90 71 42 3E BD 9D 42 2D C1 9B 42 D2 46 85 42
6A 42 5B 42 C5 5B 87 42 21 7C 71 42 C1 AA 70 42 38 00 9E 42 EB 1A 74 42 35 C5 D6 42 A4 62 D2 42
DD 6F 69 42 BE FB 4A 42 40 76 08 48 A0 D7 92 44 8D 87 9C 44 68 17 D6 44 E3 00 36 45 0D DF 6F 47
69 E4 2C 45 84 1A AE 44 40 7C 7B 44 01 46 47 44 8B DD 26 44 C6 32 0A 44 EB 43 05 44 43 42 CF 43
9B 22 9E 43 42 8A 8A 43 DC 9D 8F 43 A3 BF 80 43 38 91 85 43 1B 06 60 43 C4 CE 63 43 17 00 18 43
46 A4 FB 42 C2 C0 02 43 E0 02 AE 42 94 EC 04 43 9A D2 EF 42 26 AD 12 43 73 EC 00 43 B9 5C F8 42
00 50 54 43 71 45 3D 43 B7 21 2F 43 8D A6 42 43 33 70 3A 43 A6 A2 2B 43 1F AC 29 43 36 F4 34 43
C9 ED F1 42 97 1C 09 43 31 BE 0F 43 E7 F5 20 43 4A AB 18 43 EA B0 C4 42 B1 1E 1C 43 C0 85 20 43
EF BC 9B 42 00 3E 0F 43 F2 9A 02 43 21 63 FF 42 18 95 BD 42 A6 60 9A 42 C9 F5 19 43 76 77 B2 42
C9 38 F8 42 F1 86 D7 42 B4 00 1E 43 44 6C 1D 43 EA DF 0B 43 85 57 2C 43 FF F0 12 43 8B 17 18 43
BF A7 35 43 49 0E 49 43 08 1A 08 48 5B D5 BD 44 6D 65 3B 45 B7 8E 6F 47 79 1B 80 44 CA 17 ED 43
E1 68 B3 43 49 4C 84 43 B3 16 5C 43 47 46 69 43 46 0C 2A 43 77 1B 42 43 10 16 26 43 DB D2 3C 43
CC 27 11 43 3E 98 68 43 86 84 5A 43 EE AD 2C 43 E5 4A 2B 43 17 1C 39 43 22 70 38 43 5E EC 34 43
13 17 2E 43 62 B8 17 43 B6 E1 1D 43 AA 58 21 43 B0 61 2C 43 35 17 34 43 6B 2C 78 43 00 00 25 43
14 A9 45 43 53 BB 2C 43 8C 43 08 48 D3 34 42 45 AF 04 70 47 25 2D 7B 44 7D BA 1E 44 A6 3A F2 43
41 5E D6 43 8B B7 C7 43 F2 58 B9 43 6F 23 89 43 20 2D 9A 43 F4 50 9B 43 DD 10 9C 43 03 48 77 43
F3 00 31 43 9C 71 21 43 06 BB 07 48 73 B9 6F 47 F7 A2 43 44 98 81 AE 43 9B E6 9B 43 EB 47 7D 43
AE 8C 7A 43 00 00 C8 43 6C 2E 08 48 07 80 70 47 F4 62 72 44 D3 0A 28 44 91 2E 08 48 A9 87 70 47
F9 2E 08 48 5C DE 14 48 00 00 A2 42 00 00 3C 42 00 00 F0 41 00 00 A8 41 00 00 88 41 00 00 90 41
00 00 B8 41 00 00 0C 42 00 00 4C 42 00 00 92 42 00 00 5C 42 00 00 14 42 00 00 C8 41 00 00 88 41
00 00 88 41 00 00 A0 41 00 00 F8 41 00 00 34 42 00 00 82 42 00 00 48 42 00 00 08 42 00 00 B8 41
00 00 80 41 00 00 80 41 00 00 C8 41 00 00 08 42 00 00 48 42 00 00 8E 42 00 00 64 42 00 00 10 42
00 00 C8 41 00 00 90 41 00 00 80 41 00 00 A8 41 00 00 F8 41 00 00 38 42 00 00 82 42 00 00 B2 42
00 00 0C 42 00 00 B8 41 00 00 90 41 00 00 80 41 00 00 A8 41 00 00 00 42 00 00 40 42 00 00 86 42
00 00 B4 42 00 00 14 42 00 00 C0 41 00 00 88 41 00 00 88 41 00 00 A8 41 00 00 00 42 00 00 40 42
00 00 88 42 00 00 B6 42 00 00 10 42 00 00 B0 41 00 00 88 41 00 00 88 41 00 00 A8 41 00 00 F8 41
00 00 38 42 00 00 82 42 00 00 B0 42 00 00 E4 42 00 00 0C 41 00 00 90 41 00 00 88 41 00 00 A8 41
00 00 F8 41 00 00 3C 42 00 00 82 42 00 00 AE 42 00 00 E2 42 00 00 04 42 00 00 A8 41 00 00 80 41
00 00 88 41 00 00 C8 41 00 00 10 42 00 00 54 42 00 00 94 42 00 00 C4 42 00 00 F8 42 00 00 D0 41
00 00 88 41 00 00 88 41 00 00 A0 41 00 00 F0 41 00 00 34 42 00 00 7C 42 00 00 AE 42 00 00 E0 42
00 00 08 42 00 00 B8 41 00 00 88 41 00 00 88 41 00 00 B0 41 00 00 04 42 00 00 40 42 00 00 8A 42
00 00 B4 42 00 00 EA 42 00 00 0F 43 00 00 98 41 00 00 80 41 00 00 90 41 00 00 C8 41 00 00 18 42
00 00 64 42 00 00 9C 42 00 00 CC 42 00 00 00 43 00 00 1A 43 00 00 33 43 00 00 80 41 00 00 98 41
00 00 E0 41 00 00 28 42 00 00 74 42 00 00 A4 42 00 00 D6 42 00 00 05 43 00 00 20 43 00 00 39 43
00 00 50 43 00 00 A8 41 00 00 F0 41 00 00 34 42 00 00 80 42 00 00 B0 42 00 00 E0 42 00 00 0B 43
00 00 25 43 00 00 3E 41 00 00 90 41 00 00 C8 41 00 00 14 42 00 00 5C 42 00 00 90 42 00 00 C8 42
00 00 FC 42 00 00 1A 43 00 00 32 43 00 00 49 43 00 00 B8 41 00 00 0C 42 00 00 50 42 00 00 92 42
00 00 C0 42 00 00 F4 42 00 00 14 43 00 00 2E 43 00 00 46 41 00 00 98 41 00 00 C8 41 00 00 1C 42
00 00 64 42 00 00 9E 42 00 00 D0 42 00 00 02 43 00 00 1C 43 00 00 35 43 00 00 80 41 00 00 A0 41
00 00 F0 41 00 00 34 42 00 00 80 42 00 00 B4 42 00 00 E2 42 00 00 07 43 00 00 27 43 00 00 3E 43
00 00 54 43 00 00 66 43 00 00 73 43 00 00 7C 42 00 00 AA 42 00 00 DE 42 00 00 09 43 00 00 24 43
00 00 3D 43 00 00 53 43 00 00 66 43 00 00 74 43 00 00 7D 43 00 00 9A 42 00 00 CA 42 00 00 FE 42
00 00 19 43 00 00 33 43 00 00 4A 43 00 00 5E 43 00 00 6D 43 00 00 7A 43 00 00 7F 42 00 00 94 42
00 00 C4 42 00 00 F8 42 00 00 19 43 00 00 30 43 00 00 47 43 00 00 5D 43 00 00 6D 43 00 00 6D 43
00 00 7F 43 00 00 7F 43 00 00 7A 42 00 00 F8 42 00 00 17 43 00 00 30 43 00 00 49 43 00 00 5D 43
00 00 6E 43 00 00 7A 43 00 00 7F 43 00 00 7F 42 00 00 D0 42 00 00 01 43 00 00 1D 43 00 00 36 43
00 00 4D 43 00 00 61 43 00 00 71 43 00 00 7B 43 00 00 7F 42 00 00 A0 42 00 00 D0 42 00 00 03 43
00 00 1D 43 00 00 36 43 00 00 4D 43 00 00 67 43 00 00 71 43 00 00 30 42 00 00 7C 42 00 00 AC 42
00 00 DC 42 00 00 09 43 00 00 22 43 00 00 3A 43 00 00 52 43 00 00 A8 41 00 00 F0 41 00 00 38 42
00 00 84 42 00 00 B4 42 00 00 E4 42 00 00 0D 43 00 00 27 43 00 00 41 43 00 00 80 41 00 00 C0 41
00 00 14 42 00 00 58 42 00 00 94 42 00 00 C2 42 00 00 F8 42 00 00 16 43 00 00 98 41 00 00 80 41
00 00 98 41 00 00 E0 41 00 00 24 42 00 00 6C 42 00 00 A2 42 00 00 D2 42 00 00 04 42 00 00 E8 41
00 00 A0 41 00 00 88 41 00 00 90 41 00 00 D0 41 00 00 1C 42 00 00 68 42 00 00 9E 42 00 00 82 42
00 00 34 42 00 00 F8 41 00 00 A0 41 00 00 88 41 00 00 88 41 00 00 C8 41 00 00 18 42 00 00 50 42
00 00 B0 42 00 00 80 42 00 00 30 42 00 00 F0 41 00 00 A0 41 00 00 80 41 00 00 90 41 00 00 C8 41
00 00 14 42 00 00 58 42 00 00 B0 42 00 00 84 42 00 00 38 42 00 00 F8 41 00 00 A8 41 00 00 80 41
00 00 90 41 00 00 C0 41 00 00 14 43 00 00 DE 42 00 00 B0 42 00 00 80 42 00 00 3C 42 00 00 F0 41
00 00 A0 41 00 00 80 41 00 00 90 41 00 00 C8 41 00 00 F6 42 00 00 C4 42 00 00 92 42 00 00 50 42
00 00 10 42 00 00 B8 41 00 00 90 41 00 00 88 41 00 00 B0 41 00 00 16 43 00 00 FA 42 00 00 C4 42
00 00 94 42 00 00 54 42 00 00 10 42 00 00 C0 41 00 00 88 41 00 00 80 43 00 00 2F 43 00 00 15 43
00 00 F8 42 00 00 C4 42 00 00 94 42 00 00 50 42 00 00 14 42 00 00 C8 41 00 00 88 41 00 00 43 43
00 00 2A 43 00 00 0F 43 00 00 EC 42 00 00 BA 42 00 00 8A 42 00 00 44 42 00 00 00 42 00 00 B0 41
00 00 59 43 00 00 3E 43 00 00 25 43 00 00 0B 43 00 00 E2 42 00 00 AE 42 00 00 82 42 00 00 30 42
00 00 F0 41 00 00 61 43 00 00 4B 43 00 00 36 43 00 00 1C 43 00 00 03 43 00 00 CE 42 00 00 A0 42
00 00 64 42 00 00 1C 43 00 00 6D 43 00 00 59 43 00 00 45 43 00 00 2E 43 00 00 14 43 00 00 F2 42
00 00 C0 42 00 00 90 42 00 00 4C 43 00 00 71 43 00 00 63 43 00 00 4F 43 00 00 38 43 00 00 1F 43
00 00 05 43 00 00 D4 42 00 00 A2 42 00 00 74 42 00 00 75 43 00 00 67 43 00 00 55 43 00 00 3F 43
00 00 26 43 00 00 0C 43 00 00 E4 42 00 00 B2 42 00 00 80 43 00 00 78 43 00 00 6C 43 00 00 5B 43
00 00 46 43 00 00 2D 43 00 00 14 43 00 00 F2 42 00 00 BE 42 00 00 7F 43 00 00 7A 43 00 00 67 43
00 00 5D 43 00 00 49 43 00 00 2F 43 00 00 17 43 00 00 F8 42 00 00 7E 43 00 00 7F 43 00 00 7D 43
00 00 75 43 00 00 65 43 00 00 54 43 00 00 3D 43 00 00 23 43 00 00 09 43 00 00 DA 42 00 00 7F 43
00 00 7F 43 00 00 78 43 00 00 6A 43 00 00 5C 43 00 00 47 43 00 00 2C 43 00 00 0F 43 00 00 F6 42
00 00 7D 43 00 00 7F 43 00 00 7D 43 00 00 76 43 00 00 68 43 00 00 54 43 00 00 3E 43 00 00 26 43
00 00 6F 43 00 00 78 43 00 00 7F 43 00 00 7F 43 00 00 7A 43 00 00 6F 43 00 00 5E 43 00 00 4A 43
00 00 32 43 00 00 17 43 00 00 72 43 00 00 7C 43 00 00 7F 43 00 00 7E 43 00 00 77 43 00 00 6B 43
00 00 58 43 00 00 43 43 00 00 2C 43 00 00 11 43 00 00 EE 42 00 00 BA 42 00 00 8E 43 00 00 7C 43
00 00 73 43 00 00 65 43 00 00 52 43 00 00 3B 43 00 00 23 43 00 00 08 43 00 00 DC 42 00 00 A8 42
00 00 78 43 00 00 7A 43 00 00 6F 43 00 00 60 43 00 00 4C 43 00 00 34 43 00 00 1B 43 00 00 00 43
00 00 CC 42 00 00 7F 43 00 00 7C 43 00 00 74 43 00 00 65 43 00 00 52 43 00 00 3B 43 00 00 22 43
00 00 0A 43 00 00 DC 42 00 00 7F 43 00 00 7F 43 00 00 79 43 00 00 6B 43 00 00 5B 43 00 00 45 43
00 00 2D 43 00 00 12 43 00 00 F2 42 00 00 BE 42 00 00 8E 43 00 00 7C 43 00 00 73 43 00 00 65 43
00 00 50 43 00 00 39 43 00 00 20 43 00 00 05 43 00 00 D6 42 00 00 7F 43 00 00 7D 43 00 00 74 43
00 00 66 43 00 00 53 43 00 00 3D 43 00 00 23 43 00 00 09 43 00 00 DE 42 00 00 7F 43 00 00 7E 43
00 00 78 43 00 00 6E 43 00 00 5B 43 00 00 46 43 00 00 2E 43 00 00 14 43 00 00 76 43 00 00 7E 43
00 00 7F 43 00 00 7D 43 00 00 74 43 00 00 66 43 00 00 53 43 00 00 3D 43 00 00 25 43 00 00 6F 43
00 00 7A 43 00 00 7F 43 00 00 7F 43 00 00 7A 43 00 00 6F 43 00 00 5D 43 00 00 47 43 00 00 50 43
00 00 60 43 00 00 72 43 00 00 7C 43 00 00 7F 43 00 00 7F 43 00 00 78 43 00 00 6B 43 00 00 2E 43
00 00 47 43 00 00 5B 43 00 00 6D 43 00 00 74 43 00 00 7F 43 00 00 7F 43 00 00 7B 43 00 00 70 43
00 00 1F 43 00 00 38 43 00 00 4F 43 00 00 63 43 00 00 7A 43 00 00 7C 43 00 00 7F 43 00 00 7F 43
00 00 77 43 00 00 6C 43 00 00 1B 43 00 00 34 43 00 00 4C 43 00 00 60 43 00 00 6F 43 00 00 7B 43
00 00 7F 43 00 00 7F 43 00 00 78 42 00 00 FC 42 00 00 16 43 00 00 34 43 00 00 4B 43 00 00 5F 43
00 00 6F 43 00 00 7B 43 00 00 7F 43 00 00 B0 42 00 00 DA 42 00 00 08 43 00 00 22 43 00 00 3B 43
00 00 51 43 00 00 65 43 00 00 73 43 00 00 7C 43 00 00 7F 43 00 00 B2 42 00 00 E2 42 00 00 0B 43
00 00 26 43 00 00 3E 43 00 00 55 43 00 00 67 43 00 00 73 43 00 00 7E 43 00 00 86 42 00 00 B4 42
00 00 E6 42 00 00 0D 43 00 00 23 43 00 00 40 43 00 00 56 43 00 00 68 43 00 00 75 43 00 00 34 42
00 00 80 42 00 00 AC 42 00 00 E2 42 00 00 0A 43 00 00 25 43 00 00 3D 43 00 00 54 43 00 00 67 43
00 00 74 41 00 00 34 42 00 00 80 42 00 00 AE 42 00 00 E0 42 00 00 0A 43 00 00 26 43 00 00 3E 43
00 00 54 43 00 00 67 43 00 00 D8 41 00 00 24 42 00 00 6C 42 00 00 A2 42 00 00 D2 42 00 00 04 43
00 00 1E 43 00 00 37 43 00 00 4D 43 00 00 88 41 00 00 C8 41 00 00 1C 42 00 00 58 42 00 00 96 42
00 00 C4 42 00 00 FE 42 00 00 19 43 00 00 30 43 00 00 4A 41 00 00 98 41 00 00 D8 41 00 00 24 42
00 00 6C 42 00 00 A2 42 00 00 D2 42 00 00 06 43 00 00 1E 43 00 00 98 41 00 00 60 41 00 00 A0 41
00 00 00 42 00 00 28 42 00 00 78 42 00 00 A8 42 00 00 D8 42 00 00 10 42 00 00 C0 41 00 00 90 41
00 00 80 41 00 00 A8 41 00 00 00 42 00 00 38 42 00 00 84 42 00 00 B2 42 00 00 4C 42 00 00 08 42
00 00 B8 41 00 00 88 41 00 00 88 41 00 00 B0 41 00 00 04 42 00 00 40 42 00 00 BC 42 00 00 86 42
00 00 48 42 00 00 08 42 00 00 B8 41 00 00 80 41 00 00 88 41 00 00 B8 41 00 00 02 43 00 00 DC 42
00 00 A8 42 00 00 78 42 00 00 2C 42 00 00 E8 41 00 00 A0 41 00 00 80 41 00 00 90 41 00 00 16 43
00 00 F6 42 00 00 C2 42 00 00 94 42 00 00 50 42 00 00 10 42 00 00 C0 41 00 00 88 41 00 00 80 41
00 00 23 43 00 00 09 43 00 00 DC 42 00 00 AA 42 00 00 74 42 00 00 2C 42 00 00 E8 41 00 00 A0 41
00 00 80 41 00 00 33 43 00 00 1A 43 00 00 FE 42 00 00 CA 42 00 00 9A 42 00 00 60 42 00 00 1C 42
00 00 D0 41 00 00 90 41 00 00 46 43 00 00 2E 43 00 00 14 43 00 00 F2 42 00 00 C4 42 00 00 90 42
00 00 4C 42 00 00 0C 42 00 00 68 43 00 00 57 43 00 00 41 43 00 00 28 43 00 00 0E 43 00 00 E8 42
00 00 B4 42 00 00 84 42 00 00 40 42 00 00 74 43 00 00 65 43 00 00 53 43 00 00 3D 43 00 00 24 43
00 00 08 43 00 00 DE 42 00 00 AC 42 00 00 7F 43 00 00 7E 43 00 00 75 43 00 00 66 43 00 00 54 43
00 00 3E 43 00 00 26 43 00 00 0B 43 00 00 E0 42 00 00 B0 42 00 00 82 43 00 00 7E 43 00 00 77 43
00 00 69 43 00 00 59 43 00 00 44 43 00 00 2B 43 00 30 88 47 80 61 88 47 C2 10 77 42 78 5F 6A C3
3E 6B 79 C3 0E B9 70 C3 9A 8F 43 C3 1B 54 5A C3 68 E2 5E C3 50 09 5A C3 21 A3 52 C3 1C 82 73 C3
